2.10202503204,0,0,0,0,0,0,0,0,0
4.12711405754,118,118,0,0,0,0,0,189,0
6.14647293091,3717,3717,0,0,0,0,0,4032,0
8.16231107712,7316,7316,0,0,0,0,0,7875,0
10.1758050919,11210,11210,0,0,0,0,0,11970,0
12.1935589314,15222,15222,0,0,0,0,0,16254,0
14.2168729305,19175,19175,0,0,0,0,0,20538,0
16.243088007,22774,22774,0,0,0,0,0,24318,0
18.2587120533,26432,26432,0,0,0,0,0,28224,0
20.2823319435,30503,30503,0,0,0,0,0,32571,0
22.3016049862,34574,34574,0,0,0,0,0,36981,0
24.3219730854,38645,38645,0,0,3024,3024,0,38304,0
26.3494369984,43129,43188,0,0,7812,7812,0,38304,0
28.3683021069,47023,47023,0,0,11907,11907,0,38304,0
30.3944499493,50858,50858,0,0,16002,16002,0,38304,0
32.4183421135,54516,54516,0,0,19908,19908,0,38304,0
34.4401750565,58233,58233,0,0,23877,23877,0,38304,0
36.4705080986,62186,62245,0,0,28161,28161,0,38304,0
38.4969041348,65962,65962,0,0,32130,32193,0,38304,0
40.5223641396,69561,69561,0,0,36036,36036,0,38304,0
42.5486690998,72924,72924,0,0,39564,39564,0,38304,0
44.5703110695,76169,76169,0,0,43029,43029,0,38304,0
46.5945401192,79650,79650,0,0,46746,46746,0,38304,0
48.6212069988,83367,83367,0,0,50715,50715,0,38304,0
50.6435780525,85373,85373,0,0,52857,52857,0,38304,0
52.6644740105,85373,85373,0,0,52857,52857,0,38304,0
54.6861169338,85373,85373,0,0,52857,52857,0,38304,0
56.706993103,85373,85373,0,0,52857,52857,0,38304,0
58.7286701202,85373,85373,0,0,52857,52857,0,38304,0
60.7513580322,85373,85373,0,0,52857,52857,0,38304,0
62.7733471394,85373,85373,0,0,52857,52857,0,38304,0
64.7941279411,85373,85373,0,0,52857,52857,0,38304,0
66.8168931007,85373,85373,0,0,52857,52857,0,38304,0
68.8411509991,85373,85373,0,0,52857,52857,0,38304,0
70.8643169403,85373,85373,0,0,52857,52857,0,38304,0
72.8874781132,85373,85373,0,0,52857,52857,0,38304,0
74.9108009338,85373,85373,0,0,52857,52857,0,38304,0
76.9396951199,85373,85373,0,0,52857,52857,0,38304,0
78.9699299335,85373,85373,0,0,52857,52857,0,38304,0
80.9904670715,85373,85373,0,0,52857,52857,0,38304,0
83.0109601021,85373,85373,0,0,52857,52857,0,38304,0
85.0329310894,85373,85373,0,0,52857,52857,0,38304,0
87.0546810627,85373,85373,0,0,52857,52857,0,38304,0
89.0784070492,85373,85373,0,0,52857,52857,0,38304,0
91.1008861065,85373,85373,0,0,52857,52857,0,38304,0
93.1225681305,85373,85373,0,0,52857,52857,0,38304,0
95.146376133,85373,85373,0,0,52857,52857,0,38304,0
97.1690530777,85373,85373,0,0,52857,52857,0,38304,0
99.1929719448,85373,85373,0,0,52857,52857,0,38304,0
101.214803934,85373,85373,0,0,52857,52857,0,38304,0
103.241734028,85373,85373,0,0,52857,52857,0,38304,0
105.265660048,85373,85373,0,0,52857,52857,0,38304,0
107.290495157,85373,85373,0,0,52857,52857,0,38304,0
109.312747002,85373,85373,0,0,52857,52857,0,38304,0
111.334501982,85373,85373,0,0,52857,52857,0,38304,0
113.356492043,85373,85373,0,0,52857,52857,0,38304,0
115.378442049,85373,85373,0,0,52857,52857,0,38304,0
117.40290308,85373,85373,0,0,52857,52857,0,38304,0
119.434555054,85373,85373,0,0,52857,52857,0,38304,0
121.457170963,85373,85373,0,0,52857,52857,0,38304,0
123.483509064,85373,85373,0,0,52857,52857,0,38304,0
125.508378983,85373,85373,0,0,52857,52857,0,38304,0
127.535187006,85373,85373,0,0,52857,52857,0,38304,0
129.55885005,85373,85373,0,0,52857,52857,0,38304,0
131.583249092,85373,85373,0,0,52857,52857,0,38304,0
133.605947971,85373,85373,0,0,52857,52857,0,38304,0
135.636980057,85373,85373,0,0,52857,52857,0,38304,0
137.658358097,85373,85373,0,0,52857,52857,0,38304,0
139.68056798,85373,85373,0,0,52857,52857,0,38304,0
141.702662945,85373,85373,0,0,52857,52857,0,38304,0
143.724385023,85373,85373,0,0,52857,52857,0,38304,0
145.749870062,85373,85373,0,0,52857,52857,0,38304,0
147.771729946,85373,85373,0,0,52857,52857,0,38304,0
149.795323133,85373,85373,0,0,52857,52857,0,38304,0
151.820901155,85373,85373,0,0,52857,52857,0,38304,0
153.843995094,85373,85373,0,0,52857,52857,0,38304,0
155.868620157,85373,85373,0,0,52857,52857,0,38304,0
157.890962124,85373,85373,0,0,52857,52857,0,38304,0
159.91129899,85373,85373,0,0,52857,52857,0,38304,0
161.940547943,85373,85373,0,0,52857,52857,0,38304,0
163.962157011,85373,85373,0,0,52857,52857,0,38304,0
165.985219955,85373,85373,0,0,52857,52857,0,38304,0
168.015161037,85373,85373,0,0,52857,52857,0,38304,0
170.054970026,85373,85373,0,0,52857,52857,0,38304,0
172.083845139,85373,85373,0,0,52857,52857,0,38304,0
174.112852097,85373,85373,0,0,52857,52857,0,38304,0
176.140666008,85373,85373,0,0,52857,52857,0,38304,0
178.165254116,85373,85373,0,0,52857,52857,0,38304,0
180.192003965,85373,85373,0,0,52857,52857,0,38304,0
182.224928141,85373,85373,0,0,52857,52857,0,38304,0
184.264965057,85373,85373,0,0,52857,52857,0,38304,0
186.299602985,85373,85373,0,0,52857,52857,0,38304,0
188.333063126,85373,85373,0,0,52857,52857,0,38304,0
190.359375,85373,85373,0,0,52857,52857,0,38304,0
192.381979942,85373,85373,0,0,52857,52857,0,38304,0
194.404860973,85373,85373,0,0,52857,52857,0,38304,0
196.42635107,85373,85373,0,0,52857,52857,0,38304,0
198.452754021,85373,85373,0,0,52857,52857,0,38304,0
200.473302126,85373,85373,0,0,52857,52857,0,38304,0
202.496891975,85373,85373,0,0,52857,52857,0,38304,0
204.51860404,85373,85373,0,0,52857,52857,0,38304,0
206.543771029,85373,85373,0,0,52857,52857,0,38304,0
208.570609093,85373,85373,0,0,52857,52857,0,38304,0
210.605792046,85373,85373,0,0,52857,52857,0,38304,0
212.626415968,85373,85373,0,0,52857,52857,0,38304,0
214.649263144,85373,85373,0,0,52857,52857,0,38304,0
216.67087698,85373,85373,0,0,52857,52857,0,38304,0
218.693867922,85373,85373,0,0,52857,52857,0,38304,0
220.713268042,85373,85373,0,0,52857,52857,0,38304,0
222.742300987,85373,85373,0,0,52857,52857,0,38304,0
224.766513109,85373,85373,0,0,52857,52857,0,38304,0
226.792654991,85373,85373,0,0,52857,52857,0,38304,0
228.815954924,85373,85373,0,0,52857,52857,0,38304,0
230.841109037,85373,85373,0,0,52857,52857,0,38304,0
232.867052078,85373,85373,0,0,52857,52857,0,38304,0
234.888931036,85373,85373,0,0,52857,52857,0,38304,0
236.914909124,85373,85373,0,0,52857,52857,0,38304,0
238.933309078,85373,85373,0,0,52857,52857,0,38304,0
240.95237112,85373,85373,0,0,52857,52857,0,38304,0
242.976649046,85373,85373,0,0,52857,52857,0,38304,0
245.000529051,85373,85373,0,0,52857,52857,0,38304,0
247.027167082,85373,85373,0,0,52857,52857,0,38304,0
249.048536062,85373,85373,0,0,52857,52857,0,38304,0
251.071727037,85373,85373,0,0,52857,52857,0,38304,0
253.087553978,85373,85373,0,0,52857,52857,0,38304,0
255.109102011,85373,85373,0,0,52857,52857,0,38304,0
257.132869959,85373,85373,0,0,52857,52857,0,38304,0
259.16031909,85373,85373,0,0,52857,52857,0,38304,0
261.187283039,85373,85373,0,0,52857,52857,0,38304,0
263.215034962,85373,85373,0,0,52857,52857,0,38304,0
265.239170074,85373,85373,0,0,52857,52857,0,38304,0
267.264554024,85373,85373,0,0,52857,52857,0,38304,0
269.293134928,85373,85373,0,0,52857,52857,0,38304,0
271.316861153,85373,85373,0,0,52857,52857,0,38304,0
273.338254929,85373,85373,0,0,52857,52857,0,38304,0
275.364297152,85373,85373,0,0,52857,52857,0,38304,0
277.391978025,85373,85373,0,0,52857,52857,0,38304,0
279.417840004,85373,85373,0,0,52857,52857,0,38304,0
281.445169926,85373,85373,0,0,52857,52857,0,38304,0
283.474446058,85373,85373,0,0,52857,52857,0,38304,0
285.498476982,85373,85373,0,0,52857,52857,0,38304,0
287.522727966,85373,85373,0,0,52857,52857,0,38304,0
289.54657197,85373,85373,0,0,52857,52857,0,38304,0
291.569704056,85373,85373,0,0,52857,52857,0,38304,0
293.597562075,85373,85373,0,0,52857,52857,0,38304,0
295.622473955,85373,85373,0,0,52857,52857,0,38304,0
297.670678139,85373,85373,0,0,52857,52857,0,38304,0
299.693968058,85373,85373,0,0,52857,52857,0,38304,0
301.718595982,85373,85373,0,0,52857,52857,0,38304,0
303.741320133,85373,85373,0,0,52857,52857,0,38304,0
305.767008066,85373,85373,0,0,52857,52857,0,38304,0
307.794531107,85373,85373,0,0,52857,52857,0,38304,0
309.818637133,85373,85373,0,0,52857,52857,0,38304,0
311.845227003,85373,85373,0,0,52857,52857,0,38304,0
313.870648146,85373,85373,0,0,52857,52857,0,38304,0
315.895395994,85373,85373,0,0,52857,52857,0,38304,0
317.918862104,85373,85373,0,0,52857,52857,0,38304,0
319.940694094,85373,85373,0,0,52857,52857,0,38304,0
321.965117931,85373,85373,0,0,52857,52857,0,38304,0
323.98449111,85373,85373,0,0,52857,52857,0,38304,0
326.007864952,85373,85373,0,0,52857,52857,0,38304,0
328.032552958,85373,85373,0,0,52857,52857,0,38304,0
330.058237076,85373,85373,0,0,52857,52857,0,38304,0
332.081248999,85373,85373,0,0,52857,52857,0,38304,0
334.103008032,85373,85373,0,0,52857,52857,0,38304,0
336.129936934,85373,85373,0,0,52857,52857,0,38304,0
338.151065111,85373,85373,0,0,52857,52857,0,38304,0
340.173990965,85373,85373,0,0,52857,52857,0,38304,0
342.201580048,85373,85373,0,0,52857,52857,0,38304,0
344.222909927,85373,85373,0,0,52857,52857,0,38304,0
346.250014067,85373,85373,0,0,52857,52857,0,38304,0
348.279194117,85373,85373,0,0,52857,52857,0,38304,0
350.303435087,85373,85373,0,0,52857,52857,0,38304,0
352.326432943,85373,85373,0,0,52857,52857,0,38304,0
354.350472927,85373,85373,0,0,52857,52857,0,38304,0
356.375,85373,85373,0,0,52857,52857,0,38304,0
358.396611929,85373,85373,0,0,52857,52857,0,38304,0
360.419669151,85373,85373,0,0,52857,52857,0,38304,0
362.440446138,85373,85373,0,0,52857,52857,0,38304,0
364.460544109,85373,85373,0,0,52857,52857,0,38304,0
366.483170986,85373,85373,0,0,52857,52857,0,38304,0
368.514059067,85373,85373,0,0,52857,52857,0,38304,0
370.540488005,85373,85373,0,0,52857,52857,0,38304,0
372.562402964,85373,85373,0,0,52857,52857,0,38304,0
374.585855961,85373,85373,0,0,52857,52857,0,38304,0
376.615996122,85373,85373,0,0,52857,52857,0,38304,0
378.637061119,85373,85373,0,0,52857,52857,0,38304,0
380.659919024,85373,85373,0,0,52857,52857,0,38304,0
382.68699193,85373,85373,0,0,52857,52857,0,38304,0
384.717566967,85373,85373,0,0,52857,52857,0,38304,0
386.739988089,85373,85373,0,0,52857,52857,0,38304,0
388.765896082,85373,85373,0,0,52857,52857,0,38304,0
390.793574095,85373,85373,0,0,52857,52857,0,38304,0
392.835999966,85373,85373,0,0,52857,52857,0,38304,0
394.882600069,85373,85373,0,0,52857,52857,0,38304,0
396.905827045,85373,85373,0,0,52857,52857,0,38304,0
398.940037012,85373,85373,0,0,52857,52857,0,38304,0
400.974231005,85373,85373,0,0,52857,52857,0,38304,0
402.995630026,85373,85373,0,0,52857,52857,0,38304,0
405.026184082,85373,85373,0,0,52857,52857,0,38304,0
407.049320936,85373,85373,0,0,52857,52857,0,38304,0
409.074506044,85373,85373,0,0,52857,52857,0,38304,0
411.095421076,85373,85373,0,0,52857,52857,0,38304,0
413.119008064,85373,85373,0,0,52857,52857,0,38304,0
415.142859936,85373,85373,0,0,52857,52857,0,38304,0
417.166027069,85373,85373,0,0,52857,52857,0,38304,0
419.189631939,85373,85373,0,0,52857,52857,0,38304,0
421.212429047,85373,85373,0,0,52857,52857,0,38304,0
423.233886003,85373,85373,0,0,52857,52857,0,38304,0
425.25890708,85373,85373,0,0,52857,52857,0,38304,0
427.283982992,85373,85373,0,0,52857,52857,0,38304,0
429.310477018,85373,85373,0,0,52857,52857,0,38304,0
431.332437038,85373,85373,0,0,52857,52857,0,38304,0
433.353876114,85373,85373,0,0,52857,52857,0,38304,0
435.378507137,85373,85373,0,0,52857,52857,0,38304,0
437.405813932,85373,85373,0,0,52857,52857,0,38304,0
439.429831982,85373,85373,0,0,52857,52857,0,38304,0
441.451522112,85373,85373,0,0,52857,52857,0,38304,0
443.473505974,85373,85373,0,0,52857,52857,0,38304,0
445.492660046,85373,85373,0,0,52857,52857,0,38304,0
447.517673969,85373,85373,0,0,52857,52857,0,38304,0
449.541964054,85373,85373,0,0,52857,52857,0,38304,0
451.566401005,85373,85373,0,0,52857,52857,0,38304,0
453.587707043,85373,85373,0,0,52857,52857,0,38304,0
455.610914946,85373,85373,0,0,52857,52857,0,38304,0
457.634670019,85373,85373,0,0,52857,52857,0,38304,0
459.658236027,85373,85373,0,0,52857,52857,0,38304,0
461.684134007,85373,85373,0,0,52857,52857,0,38304,0
463.712324142,85373,85373,0,0,52857,52857,0,38304,0
465.738175154,85373,85373,0,0,52857,52857,0,38304,0
467.759981155,85373,85373,0,0,52857,52857,0,38304,0
469.782474995,85373,85373,0,0,52857,52857,0,38304,0
471.804865122,85373,85373,0,0,52857,52857,0,38304,0
473.830060959,85373,85373,0,0,52857,52857,0,38304,0
475.855683088,85373,85373,0,0,52857,52857,0,38304,0
477.879826069,85373,85373,0,0,52857,52857,0,38304,0
479.904931068,85373,85373,0,0,52857,52857,0,38304,0
481.931993961,85373,85373,0,0,52857,52857,0,38304,0
483.959831953,85373,85373,0,0,52857,52857,0,38304,0
485.982456923,85373,85373,0,0,52857,52857,0,38304,0
488.004168987,85373,85373,0,0,52857,52857,0,38304,0
490.027794123,85373,85373,0,0,52857,52857,0,38304,0
492.052463055,85373,85373,0,0,52857,52857,0,38304,0
494.07756114,85373,85373,0,0,52857,52857,0,38304,0
496.100324154,85373,85373,0,0,52857,52857,0,38304,0
498.122350931,85373,85373,0,0,52857,52857,0,38304,0
500.146615982,85373,85373,0,0,52857,52857,0,38304,0
502.168252945,85373,85373,0,0,52857,52857,0,38304,0
504.191616058,85373,85373,0,0,52857,52857,0,38304,0
506.21393013,85373,85373,0,0,52857,52857,0,38304,0
508.25326705,85373,85373,0,0,52857,52857,0,38304,0
510.274582148,85373,85373,0,0,52857,52857,0,38304,0
512.303425074,85373,85373,0,0,52857,52857,0,38304,0
514.350387096,85373,85373,0,0,52857,52857,0,38304,0
516.397443056,85373,85373,0,0,52857,52857,0,38304,0
518.426528931,85373,85373,0,0,52857,52857,0,38304,0
520.480500937,85373,85373,0,0,52857,52857,0,38304,0
522.507888079,85373,85373,0,0,52857,52857,0,38304,0
524.53650403,85373,85373,0,0,52857,52857,0,38304,0
526.55953908,85373,85373,0,0,52857,52857,0,38304,0
528.587379932,85373,85373,0,0,52857,52857,0,38304,0
530.629686117,85373,85373,0,0,52857,52857,0,38304,0
532.663792133,85373,85373,0,0,52857,52857,0,38304,0
534.706623077,85373,85373,0,0,52857,52857,0,38304,0
536.730561018,85373,85373,0,0,52857,52857,0,38304,0
538.758728981,85373,85373,0,0,52857,52857,0,38304,0
540.786451101,85373,85373,0,0,52857,52857,0,38304,0
542.810326099,85373,85373,0,0,52857,52857,0,38304,0
544.842754126,85373,85373,0,0,52857,52857,0,38304,0
546.873784065,85373,85373,0,0,52857,52857,0,38304,0
548.906554937,85373,85373,0,0,52857,52857,0,38304,0
550.932482958,85373,85373,0,0,52857,52857,0,38304,0
552.956269979,85373,85373,0,0,52857,52857,0,38304,0
554.977375031,85373,85373,0,0,52857,52857,0,38304,0
556.998183012,85373,85373,0,0,52857,52857,0,38304,0
559.020034075,85373,85373,0,0,52857,52857,0,38304,0
561.042756081,85373,85373,0,0,52857,52857,0,38304,0
563.065626144,85373,85373,0,0,52857,52857,0,38304,0
565.090054035,85373,85373,0,0,52857,52857,0,38304,0
567.11295414,85373,85373,0,0,52857,52857,0,38304,0
569.136938095,85373,85373,0,0,52857,52857,0,38304,0
571.159865141,85373,85373,0,0,52857,52857,0,38304,0
573.182721138,85373,85373,0,0,52857,52857,0,38304,0
575.206145048,85373,85373,0,0,52857,52857,0,38304,0
577.226002932,85373,85373,0,0,52857,52857,0,38304,0
579.256433964,85373,85373,0,0,52857,52857,0,38304,0
581.28262496,85373,85373,0,0,52857,52857,0,38304,0
583.305902004,85373,85373,0,0,52857,52857,0,38304,0
585.332705021,85373,85373,0,0,52857,52857,0,38304,0
587.360815048,85373,85373,0,0,52857,52857,0,38304,0
589.387722969,85373,85373,0,0,52857,52857,0,38304,0
591.411226988,85373,85373,0,0,52857,52857,0,38304,0
593.433547974,85373,85373,0,0,52857,52857,0,38304,0
595.461877108,85373,85373,0,0,52857,52857,0,38304,0
597.487219095,85373,85373,0,0,52857,52857,0,38304,0
599.509068012,85373,85373,0,0,52857,52857,0,38304,0
601.537615061,85373,85373,0,0,52857,52857,0,38304,0
603.560197115,85373,85373,0,0,52857,52857,0,38304,0
605.589380026,85373,85373,0,0,52857,52857,0,38304,0
607.618624926,85373,85373,0,0,52857,52857,0,38304,0
609.642153978,85373,85373,0,0,52857,52857,0,38304,0
611.66832304,85373,85373,0,0,52857,52857,0,38304,0
613.692745924,85373,85373,0,0,52857,52857,0,38304,0
615.714978933,85373,85373,0,0,52857,52857,0,38304,0
617.738494158,85373,85373,0,0,52857,52857,0,38304,0
619.763828993,85373,85373,0,0,52857,52857,0,38304,0
621.78994298,85373,85373,0,0,52857,52857,0,38304,0
623.813497066,85373,85373,0,0,52857,52857,0,38304,0
625.834465027,85373,85373,0,0,52857,52857,0,38304,0
627.858286142,85373,85373,0,0,52857,52857,0,38304,0
629.884349108,85373,85373,0,0,52857,52857,0,38304,0
631.90694499,85373,85373,0,0,52857,52857,0,38304,0
633.98744297,85373,85373,0,0,52857,52857,0,38304,0
636.012301922,85373,85373,0,0,52857,52857,0,38304,0
638.035547018,85373,85373,0,0,52857,52857,0,38304,0
640.058848143,85373,85373,0,0,52857,52857,0,38304,0
642.080723047,85373,85373,0,0,52857,52857,0,38304,0
644.105000973,85373,85373,0,0,52857,52857,0,38304,0
646.127929926,85373,85373,0,0,52857,52857,0,38304,0
648.154168129,85373,85373,0,0,52857,52857,0,38304,0
650.177796125,85373,85373,0,0,52857,52857,0,38304,0
652.203001022,85373,85373,0,0,52857,52857,0,38304,0
654.225255013,85373,85373,0,0,52857,52857,0,38304,0
656.279834986,85373,85373,0,0,52857,52857,0,38304,0
658.309054136,85373,85373,0,0,52857,52857,0,38304,0
660.331311941,85373,85373,0,0,52857,52857,0,38304,0
662.364650965,85373,85373,0,0,52857,52857,0,38304,0
664.458892107,85373,85373,0,0,52857,52857,0,38304,0
666.505842924,85373,85373,0,0,52857,52857,0,38304,0
668.530719995,85373,85373,0,0,52857,52857,0,38304,0
670.555348158,85373,85373,0,0,52857,52857,0,38304,0
672.580937147,85373,85373,0,0,52857,52857,0,38304,0
674.61807394,85373,85373,0,0,52857,52857,0,38304,0
676.642400026,85373,85373,0,0,52857,52857,0,38304,0
678.664613008,85373,85373,0,0,52857,52857,0,38304,0
680.686362982,85373,85373,0,0,52857,52857,0,38304,0
682.711930037,85373,85373,0,0,52857,52857,0,38304,0
684.735942125,85373,85373,0,0,52857,52857,0,38304,0
686.759097099,85373,85373,0,0,52857,52857,0,38304,0
688.781734943,85373,85373,0,0,52857,52857,0,38304,0
690.805513144,85373,85373,0,0,52857,52857,0,38304,0
692.838977098,85373,85373,0,0,52857,52857,0,38304,0
694.867385149,85373,85373,0,0,52857,52857,0,38304,0
696.889022112,85373,85373,0,0,52857,52857,0,38304,0
698.910408974,85373,85373,0,0,52857,52857,0,38304,0
700.932529926,85373,85373,0,0,52857,52857,0,38304,0
702.960477114,85373,85373,0,0,52857,52857,0,38304,0
704.988512993,85373,85373,0,0,52857,52857,0,38304,0
707.014677048,85373,85373,0,0,52857,52857,0,38304,0
709.040262938,85373,85373,0,0,52857,52857,0,38304,0
711.063483,85373,85373,0,0,52857,52857,0,38304,0
713.091161966,85373,85373,0,0,52857,52857,0,38304,0
715.116650105,85373,85373,0,0,52857,52857,0,38304,0
717.138545036,85373,85373,0,0,52857,52857,0,38304,0
719.16091609,85373,85373,0,0,52857,52857,0,38304,0
721.182860136,85373,85373,0,0,52857,52857,0,38304,0
723.210902929,85373,85373,0,0,52857,52857,0,38304,0
725.238219976,85373,85373,0,0,52857,52857,0,38304,0
727.262437105,85373,85373,0,0,52857,52857,0,38304,0
729.286333084,85373,85373,0,0,52857,52857,0,38304,0
731.306424141,85373,85373,0,0,52857,52857,0,38304,0
733.331670046,85373,85373,0,0,52857,52857,0,38304,0
735.355937958,85373,85373,0,0,52857,52857,0,38304,0
737.379061937,85373,85373,0,0,52857,52857,0,38304,0
739.403389931,85373,85373,0,0,52857,52857,0,38304,0
741.426088095,85373,85373,0,0,52857,52857,0,38304,0
743.4468081,85373,85373,0,0,52857,52857,0,38304,0
745.493710041,85373,85373,0,0,52857,52857,0,38304,0
747.513913155,85373,85373,0,0,52857,52857,0,38304,0
749.53810215,85373,85373,0,0,52857,52857,0,38304,0
751.569994926,85373,85373,0,0,52857,52857,0,38304,0
753.594284058,85373,85373,0,0,52857,52857,0,38304,0
755.616706133,85373,85373,0,0,52857,52857,0,38304,0
757.639891148,85373,85373,0,0,52857,52857,0,38304,0
759.668031931,85373,85373,0,0,52857,52857,0,38304,0
761.703246117,85373,85373,0,0,52857,52857,0,38304,0
763.751724958,85373,85373,0,0,52857,52857,0,38304,0
765.783880949,85373,85373,0,0,52857,52857,0,38304,0
767.811928034,85373,85373,0,0,52857,52857,0,38304,0
769.835530996,85373,85373,0,0,52857,52857,0,38304,0
771.871396065,85373,85373,0,0,52857,52857,0,38304,0
773.940786123,85373,85373,0,0,52857,52857,0,38304,0
775.964159012,85373,85373,0,0,52857,52857,0,38304,0
777.988954067,85373,85373,0,0,52857,52857,0,38304,0
780.013814926,85373,85373,0,0,52857,52857,0,38304,0
782.040094137,85373,85373,0,0,52857,52857,0,38304,0
784.062013149,85373,85373,0,0,52857,52857,0,38304,0
786.091428041,85373,85373,0,0,52857,52857,0,38304,0
788.120521069,85373,85373,0,0,52857,52857,0,38304,0
790.143629074,85373,85373,0,0,52857,52857,0,38304,0
792.166701078,85373,85373,0,0,52857,52857,0,38304,0
794.19055295,85373,85373,0,0,52857,52857,0,38304,0
796.21381402,85373,85373,0,0,52857,52857,0,38304,0
798.238100052,85373,85373,0,0,52857,52857,0,38304,0
800.263309956,85373,85373,0,0,52857,52857,0,38304,0
802.288129091,85373,85373,0,0,52857,52857,0,38304,0
804.316761971,85373,85373,0,0,52857,52857,0,38304,0
806.341120005,85373,85373,0,0,52857,52857,0,38304,0
808.365772009,85373,85373,0,0,52857,52857,0,38304,0
810.389760971,85373,85373,0,0,52857,52857,0,38304,0
812.414516926,85373,85373,0,0,52857,52857,0,38304,0
814.442768097,85373,85373,0,0,52857,52857,0,38304,0
816.478271008,85373,85373,0,0,52857,52857,0,38304,0
818.510867119,85373,85373,0,0,52857,52857,0,38304,0
820.543094158,85373,85373,0,0,52857,52857,0,38304,0
822.56963706,85373,85373,0,0,52857,52857,0,38304,0
824.592092037,85373,85373,0,0,52857,52857,0,38304,0
826.630625963,85373,85373,0,0,52857,52857,0,38304,0
828.654659986,85373,85373,0,0,52857,52857,0,38304,0
830.680511951,85373,85373,0,0,52857,52857,0,38304,0
832.710468054,85373,85373,0,0,52857,52857,0,38304,0
834.740726948,85373,85373,0,0,52857,52857,0,38304,0
836.76996994,85373,85373,0,0,52857,52857,0,38304,0
838.796330929,85373,85373,0,0,52857,52857,0,38304,0
840.814352036,85373,85373,0,0,52857,52857,0,38304,0
842.838426113,85373,85373,0,0,52857,52857,0,38304,0
844.856189013,85373,85373,0,0,52857,52857,0,38304,0
846.890202999,85373,85373,0,0,52857,52857,0,38304,0
848.920133114,85373,85373,0,0,52857,52857,0,38304,0
850.940730095,85373,85373,0,0,52857,52857,0,38304,0
852.976127148,85373,85373,0,0,52857,52857,0,38304,0
855.002443075,85373,85373,0,0,52857,52857,0,38304,0
857.040095091,85373,85373,0,0,52857,52857,0,38304,0
859.083903074,85373,85373,0,0,52857,52857,0,38304,0
861.104141951,85373,85373,0,0,52857,52857,0,38304,0
863.128011942,85373,85373,0,0,52857,52857,0,38304,0
865.152333021,85373,85373,0,0,52857,52857,0,38304,0
867.177963972,85373,85373,0,0,52857,52857,0,38304,0
869.20085001,85373,85373,0,0,52857,52857,0,38304,0
871.224345922,85373,85373,0,0,52857,52857,0,38304,0
873.247924089,85373,85373,0,0,52857,52857,0,38304,0
875.269020081,85373,85373,0,0,52857,52857,0,38304,0
877.297186136,85373,85373,0,0,52857,52857,0,38304,0
879.321269035,85373,85373,0,0,52857,52857,0,38304,0
881.343174934,85373,85373,0,0,52857,52857,0,38304,0
883.366388083,85373,85373,0,0,52857,52857,0,38304,0
885.387500048,85373,85373,0,0,52857,52857,0,38304,0
887.408510923,85373,85373,0,0,52857,52857,0,38304,0
889.43147707,85373,85373,0,0,52857,52857,0,38304,0
891.450305939,85373,85373,0,0,52857,52857,0,38304,0
893.469438076,85373,85373,0,0,52857,52857,0,38304,0
895.527874947,85373,85373,0,0,52857,52857,0,38304,0
897.556096077,85373,85373,0,0,52857,52857,0,38304,0
899.586302042,85373,85373,0,0,52857,52857,0,38304,0
901.635874987,85373,85373,0,0,52857,52857,0,38304,0
903.660565138,85373,85373,0,0,52857,52857,0,38304,0
905.683403015,85373,85373,0,0,52857,52857,0,38304,0
907.709474087,85373,85373,0,0,52857,52857,0,38304,0
909.733597994,85373,85373,0,0,52857,52857,0,38304,0
911.75583601,85373,85373,0,0,52857,52857,0,38304,0
913.779289007,85373,85373,0,0,52857,52857,0,38304,0
915.801749945,85373,85373,0,0,52857,52857,0,38304,0
917.846758127,85373,85373,0,0,52857,52857,0,38304,0
919.877243042,85373,85373,0,0,52857,52857,0,38304,0
921.902724981,85373,85373,0,0,52857,52857,0,38304,0
923.925707102,85373,85373,0,0,52857,52857,0,38304,0
925.95004797,85373,85373,0,0,52857,52857,0,38304,0
927.983824015,85373,85373,0,0,52857,52857,0,38304,0
930.030318975,85373,85373,0,0,52857,52857,0,38304,0
932.067775965,85373,85373,0,0,52857,52857,0,38304,0
934.09533,85373,85373,0,0,52857,52857,0,38304,0
936.12975502,85373,85373,0,0,52857,52857,0,38304,0
938.156613111,85373,85373,0,0,52857,52857,0,38304,0
940.178378105,85373,85373,0,0,52857,52857,0,38304,0
942.200845957,85373,85373,0,0,52857,52857,0,38304,0
944.225090027,85373,85373,0,0,52857,52857,0,38304,0
946.251459122,85373,85373,0,0,52857,52857,0,38304,0
948.283976078,85373,85373,0,0,52857,52857,0,38304,0
950.30887413,85373,85373,0,0,52857,52857,0,38304,0
952.334450006,85373,85373,0,0,52857,52857,0,38304,0
954.355757952,85373,85373,0,0,52857,52857,0,38304,0
956.378314018,85373,85373,0,0,52857,52857,0,38304,0
958.401634932,85373,85373,0,0,52857,52857,0,38304,0
960.42356801,85373,85373,0,0,52857,52857,0,38304,0
962.464277983,85373,85373,0,0,52857,52857,0,38304,0
964.492195129,85373,85373,0,0,52857,52857,0,38304,0
966.515547991,85373,85373,0,0,52857,52857,0,38304,0
968.537186146,85373,85373,0,0,52857,52857,0,38304,0
970.562360048,85373,85373,0,0,52857,52857,0,38304,0
972.585745096,85373,85373,0,0,52857,52857,0,38304,0
974.608118057,85373,85373,0,0,52857,52857,0,38304,0
976.628718138,85373,85373,0,0,52857,52857,0,38304,0
978.653841972,85373,85373,0,0,52857,52857,0,38304,0
980.674394131,85373,85373,0,0,52857,52857,0,38304,0
982.70184803,85373,85373,0,0,52857,52857,0,38304,0
984.725193024,85373,85373,0,0,52857,52857,0,38304,0
986.748189926,85373,85373,0,0,52857,52857,0,38304,0
988.775049925,85373,85373,0,0,52857,52857,0,38304,0
990.799113035,85373,85373,0,0,52857,52857,0,38304,0
992.822530031,85373,85373,0,0,52857,52857,0,38304,0
994.842755079,85373,85373,0,0,52857,52857,0,38304,0
996.866639137,85373,85373,0,0,52857,52857,0,38304,0
998.888287067,85373,85373,0,0,52857,52857,0,38304,0
1000.91008711,85373,85373,0,0,52857,52857,0,38304,0
1002.93337393,85373,85373,0,0,52857,52857,0,38304,0
1004.95300698,85373,85373,0,0,52857,52857,0,38304,0
1006.97573113,85373,85373,0,0,52857,52857,0,38304,0
1008.99658704,85373,85373,0,0,52857,52857,0,38304,0
1011.01897597,85373,85373,0,0,52857,52857,0,38304,0
1013.04009509,85373,85373,0,0,52857,52857,0,38304,0
1015.06250405,85373,85373,0,0,52857,52857,0,38304,0
1017.086344,85373,85373,0,0,52857,52857,0,38304,0
1019.11571193,85373,85373,0,0,52857,52857,0,38304,0
1021.14631701,85373,85373,0,0,52857,52857,0,38304,0
1023.16973305,85373,85373,0,0,52857,52857,0,38304,0
1025.19152308,85373,85373,0,0,52857,52857,0,38304,0
1027.22802496,85373,85373,0,0,52857,52857,0,38304,0
1029.26115799,85373,85373,0,0,52857,52857,0,38304,0
1031.30635309,85373,85373,0,0,52857,52857,0,38304,0
1033.34391093,85373,85373,0,0,52857,52857,0,38304,0
1035.37987304,85373,85373,0,0,52857,52857,0,38304,0
1037.42797208,85373,85373,0,0,52857,52857,0,38304,0
1039.46810198,85373,85373,0,0,52857,52857,0,38304,0
1041.49604797,85373,85373,0,0,52857,52857,0,38304,0
1043.52029204,85373,85373,0,0,52857,52857,0,38304,0
1045.54404593,85373,85373,0,0,52857,52857,0,38304,0
1047.56792092,85373,85373,0,0,52857,52857,0,38304,0
1049.59807611,85373,85373,0,0,52857,52857,0,38304,0
1051.62143397,85373,85373,0,0,52857,52857,0,38304,0
1053.64775801,85373,85373,0,0,52857,52857,0,38304,0
1055.67268801,85373,85373,0,0,52857,52857,0,38304,0
1057.69995904,85373,85373,0,0,52857,52857,0,38304,0
1059.74007297,85373,85373,0,0,52857,52857,0,38304,0
1061.77755809,85373,85373,0,0,52857,52857,0,38304,0
1063.82014704,85373,85373,0,0,52857,52857,0,38304,0
1065.85089803,85373,85373,0,0,52857,52857,0,38304,0
1067.88433695,85373,85373,0,0,52857,52857,0,38304,0
1069.91539311,85373,85373,0,0,52857,52857,0,38304,0
1071.95022392,85373,85373,0,0,52857,52857,0,38304,0
1073.97502208,85373,85373,0,0,52857,52857,0,38304,0
1076.00027514,85373,85373,0,0,52857,52857,0,38304,0
1078.04635811,85373,85373,0,0,52857,52857,0,38304,0
1080.07757211,85373,85373,0,0,52857,52857,0,38304,0
1082.13480997,85373,85373,0,0,52857,52857,0,38304,0
1084.16731906,85373,85373,0,0,52857,52857,0,38304,0
1086.19105411,85373,85373,0,0,52857,52857,0,38304,0
1088.22192311,85373,85373,0,0,52857,52857,0,38304,0
1090.24783492,85373,85373,0,0,52857,52857,0,38304,0
1092.29552197,85373,85373,0,0,52857,52857,0,38304,0
1094.33736801,85373,85373,0,0,52857,52857,0,38304,0
1096.36291504,85373,85373,0,0,52857,52857,0,38304,0
1098.39755106,85373,85373,0,0,52857,52857,0,38304,0
1100.42471409,85373,85373,0,0,52857,52857,0,38304,0
1102.45941901,85373,85373,0,0,52857,52857,0,38304,0
1104.48572993,85373,85373,0,0,52857,52857,0,38304,0
1106.52274704,85373,85373,0,0,52857,52857,0,38304,0
1108.54559994,85373,85373,0,0,52857,52857,0,38304,0
1110.56613493,85373,85373,0,0,52857,52857,0,38304,0
1112.58846211,85373,85373,0,0,52857,52857,0,38304,0
1114.61098695,85373,85373,0,0,52857,52857,0,38304,0
1116.63143206,85373,85373,0,0,52857,52857,0,38304,0
1118.66896915,85373,85373,0,0,52857,52857,0,38304,0
1120.69704914,85373,85373,0,0,52857,52857,0,38304,0
1122.72960901,85373,85373,0,0,52857,52857,0,38304,0
1124.75498414,85373,85373,0,0,52857,52857,0,38304,0
1126.78257895,85373,85373,0,0,52857,52857,0,38304,0
1128.80251908,85373,85373,0,0,52857,52857,0,38304,0
1130.82685494,85373,85373,0,0,52857,52857,0,38304,0
1132.85522413,85373,85373,0,0,52857,52857,0,38304,0
1134.87991309,85373,85373,0,0,52857,52857,0,38304,0
1136.91697192,85373,85373,0,0,52857,52857,0,38304,0
1138.93852711,85373,85373,0,0,52857,52857,0,38304,0
1140.9577601,85373,85373,0,0,52857,52857,0,38304,0
1142.97665811,85373,85373,0,0,52857,52857,0,38304,0
1145.00020695,85373,85373,0,0,52857,52857,0,38304,0
1147.02583909,85373,85373,0,0,52857,52857,0,38304,0
1149.04320598,85373,85373,0,0,52857,52857,0,38304,0
1151.06516695,85373,85373,0,0,52857,52857,0,38304,0
1153.08709502,85373,85373,0,0,52857,52857,0,38304,0
1155.11268711,85373,85373,0,0,52857,52857,0,38304,0
1157.13674593,85373,85373,0,0,52857,52857,0,38304,0
1159.15859294,85373,85373,0,0,52857,52857,0,38304,0
1161.18253994,85373,85373,0,0,52857,52857,0,38304,0
1163.20532203,85373,85373,0,0,52857,52857,0,38304,0
1165.23103809,85373,85373,0,0,52857,52857,0,38304,0
1167.25461197,85373,85373,0,0,52857,52857,0,38304,0
1169.27837396,85373,85373,0,0,52857,52857,0,38304,0
1171.32948995,85373,85373,0,0,52857,52857,0,38304,0
1173.35583711,85373,85373,0,0,52857,52857,0,38304,0
1175.38253713,85373,85373,0,0,52857,52857,0,38304,0
1177.40377998,85373,85373,0,0,52857,52857,0,38304,0
1179.42546701,85373,85373,0,0,52857,52857,0,38304,0
1181.45367813,85373,85373,0,0,52857,52857,0,38304,0
1183.47850013,85373,85373,0,0,52857,52857,0,38304,0
1185.51638007,85373,85373,0,0,52857,52857,0,38304,0
1187.54880309,85373,85373,0,0,52857,52857,0,38304,0
1189.57033801,85373,85373,0,0,52857,52857,0,38304,0
1191.59906411,85373,85373,0,0,52857,52857,0,38304,0
1193.64099312,85373,85373,0,0,52857,52857,0,38304,0
1195.66677809,85373,85373,0,0,52857,52857,0,38304,0
1197.70306301,85373,85373,0,0,52857,52857,0,38304,0
1199.73643398,85373,85373,0,0,52857,52857,0,38304,0
1201.77644801,85373,85373,0,0,52857,52857,0,38304,0
1203.81073499,85373,85373,0,0,52857,52857,0,38304,0
1205.83748293,85373,85373,0,0,52857,52857,0,38304,0
1207.8665061,85373,85373,0,0,52857,52857,0,38304,0
1209.89673805,85373,85373,0,0,52857,52857,0,38304,0
1211.92645311,85373,85373,0,0,52857,52857,0,38304,0
1213.95630312,85373,85373,0,0,52857,52857,0,38304,0
1215.99641609,85373,85373,0,0,52857,52857,0,38304,0
1218.03343701,85373,85373,0,0,52857,52857,0,38304,0
1220.06628895,85373,85373,0,0,52857,52857,0,38304,0
1222.09828615,85373,85373,0,0,52857,52857,0,38304,0
1224.13626695,85373,85373,0,0,52857,52857,0,38304,0
1226.19221997,85373,85373,0,0,52857,52857,0,38304,0
1228.24634194,85373,85373,0,0,52857,52857,0,38304,0
1230.28438306,85373,85373,0,0,52857,52857,0,38304,0
1232.33966708,85373,85373,0,0,52857,52857,0,38304,0
1234.37407303,85373,85373,0,0,52857,52857,0,38304,0
1236.39815903,85373,85373,0,0,52857,52857,0,38304,0
1238.42431593,85373,85373,0,0,52857,52857,0,38304,0
1240.44851899,85373,85373,0,0,52857,52857,0,38304,0
1242.476372,85373,85373,0,0,52857,52857,0,38304,0
1244.50565815,85373,85373,0,0,52857,52857,0,38304,0
1246.52801895,85373,85373,0,0,52857,52857,0,38304,0
1248.551687,85373,85373,0,0,52857,52857,0,38304,0
1250.57410192,85373,85373,0,0,52857,52857,0,38304,0
1252.60099196,85373,85373,0,0,52857,52857,0,38304,0
1254.63043499,85373,85373,0,0,52857,52857,0,38304,0
1256.65412092,85373,85373,0,0,52857,52857,0,38304,0
1258.68464899,85373,85373,0,0,52857,52857,0,38304,0
1260.70369005,85373,85373,0,0,52857,52857,0,38304,0
1262.72637296,85373,85373,0,0,52857,52857,0,38304,0
1264.7473371,85373,85373,0,0,52857,52857,0,38304,0
1266.76889205,85373,85373,0,0,52857,52857,0,38304,0
1268.79471898,85373,85373,0,0,52857,52857,0,38304,0
1270.84591508,85373,85373,0,0,52857,52857,0,38304,0
1272.86978197,85373,85373,0,0,52857,52857,0,38304,0
1274.89163494,85373,85373,0,0,52857,52857,0,38304,0
1276.91487312,85373,85373,0,0,52857,52857,0,38304,0
1278.93635392,85373,85373,0,0,52857,52857,0,38304,0
1280.96426415,85373,85373,0,0,52857,52857,0,38304,0
1282.99013996,85373,85373,0,0,52857,52857,0,38304,0
1285.01301599,85373,85373,0,0,52857,52857,0,38304,0
1287.03564501,85373,85373,0,0,52857,52857,0,38304,0
1289.06275606,85373,85373,0,0,52857,52857,0,38304,0
1291.08639312,85373,85373,0,0,52857,52857,0,38304,0
1293.10573792,85373,85373,0,0,52857,52857,0,38304,0
1295.12739301,85373,85373,0,0,52857,52857,0,38304,0
1297.15057397,85373,85373,0,0,52857,52857,0,38304,0
1299.17467809,85373,85373,0,0,52857,52857,0,38304,0
1301.19898796,85373,85373,0,0,52857,52857,0,38304,0
1303.22157907,85373,85373,0,0,52857,52857,0,38304,0
1305.24478412,85373,85373,0,0,52857,52857,0,38304,0
1307.26853514,85373,85373,0,0,52857,52857,0,38304,0
1309.29416108,85373,85373,0,0,52857,52857,0,38304,0
1311.31858015,85373,85373,0,0,52857,52857,0,38304,0
1313.34464502,85373,85373,0,0,52857,52857,0,38304,0
1315.36877894,85373,85373,0,0,52857,52857,0,38304,0
1317.39283013,85373,85373,0,0,52857,52857,0,38304,0
1319.43020105,85373,85373,0,0,52857,52857,0,38304,0
1321.45127797,85373,85373,0,0,52857,52857,0,38304,0
1323.47468615,85373,85373,0,0,52857,52857,0,38304,0
1325.49783111,85373,85373,0,0,52857,52857,0,38304,0
1327.52198195,85373,85373,0,0,52857,52857,0,38304,0
1329.56372404,85373,85373,0,0,52857,52857,0,38304,0
1331.5869801,85373,85373,0,0,52857,52857,0,38304,0
1333.61241508,85373,85373,0,0,52857,52857,0,38304,0
1335.63499403,85373,85373,0,0,52857,52857,0,38304,0
1337.65981293,85373,85373,0,0,52857,52857,0,38304,0
1339.68343306,85373,85373,0,0,52857,52857,0,38304,0
1341.70865798,85373,85373,0,0,52857,52857,0,38304,0
1343.73215508,85373,85373,0,0,52857,52857,0,38304,0
1345.75484109,85373,85373,0,0,52857,52857,0,38304,0
1347.77709603,85373,85373,0,0,52857,52857,0,38304,0
1349.80249214,85373,85373,0,0,52857,52857,0,38304,0
1351.82564998,85373,85373,0,0,52857,52857,0,38304,0
1353.84625196,85373,85373,0,0,52857,52857,0,38304,0
1355.87304807,85373,85373,0,0,52857,52857,0,38304,0
1357.89862299,85373,85373,0,0,52857,52857,0,38304,0
1359.92200708,85373,85373,0,0,52857,52857,0,38304,0
1361.94544911,85373,85373,0,0,52857,52857,0,38304,0
1363.97071099,85373,85373,0,0,52857,52857,0,38304,0
1365.99868798,85373,85373,0,0,52857,52857,0,38304,0
1368.02373505,85373,85373,0,0,52857,52857,0,38304,0
1370.04932499,85373,85373,0,0,52857,52857,0,38304,0
1372.08565593,85373,85373,0,0,52857,52857,0,38304,0
1374.11010313,85373,85373,0,0,52857,52857,0,38304,0
1376.13542104,85373,85373,0,0,52857,52857,0,38304,0
1378.16636109,85373,85373,0,0,52857,52857,0,38304,0
1380.19525814,85373,85373,0,0,52857,52857,0,38304,0
1382.28541994,85373,85373,0,0,52857,52857,0,38304,0
1384.32515597,85373,85373,0,0,52857,52857,0,38304,0
1386.35662007,85373,85373,0,0,52857,52857,0,38304,0
1388.38168097,85373,85373,0,0,52857,52857,0,38304,0
1390.40609503,85373,85373,0,0,52857,52857,0,38304,0
1392.43029904,85373,85373,0,0,52857,52857,0,38304,0
1394.4552331,85373,85373,0,0,52857,52857,0,38304,0
1396.48501801,85373,85373,0,0,52857,52857,0,38304,0
1398.51431704,85373,85373,0,0,52857,52857,0,38304,0
1400.55223894,85373,85373,0,0,52857,52857,0,38304,0
1402.60001016,85373,85373,0,0,52857,52857,0,38304,0
1404.62335706,85373,85373,0,0,52857,52857,0,38304,0
1406.65295911,85373,85373,0,0,52857,52857,0,38304,0
1408.67559004,85373,85373,0,0,52857,52857,0,38304,0
1410.69553494,85373,85373,0,0,52857,52857,0,38304,0
1412.72426915,85373,85373,0,0,52857,52857,0,38304,0
1414.74495912,85373,85373,0,0,52857,52857,0,38304,0
1416.76837707,85373,85373,0,0,52857,52857,0,38304,0
1418.79237604,85373,85373,0,0,52857,52857,0,38304,0
1420.80875611,85373,85373,0,0,52857,52857,0,38304,0
1422.83145213,85373,85373,0,0,52857,52857,0,38304,0
1424.84835815,85373,85373,0,0,52857,52857,0,38304,0
1426.86976004,85373,85373,0,0,52857,52857,0,38304,0
1428.88857603,85373,85373,0,0,52857,52857,0,38304,0
1430.91313696,85373,85373,0,0,52857,52857,0,38304,0
1432.93676114,85373,85373,0,0,52857,52857,0,38304,0
1434.96705508,85373,85373,0,0,52857,52857,0,38304,0
1436.99147415,85373,85373,0,0,52857,52857,0,38304,0
1439.0117631,85373,85373,0,0,52857,52857,0,38304,0
1441.03512096,85373,85373,0,0,52857,52857,0,38304,0
1443.05987096,85373,85373,0,0,52857,52857,0,38304,0
1445.07846713,85373,85373,0,0,52857,52857,0,38304,0
1447.10525203,85373,85373,0,0,52857,52857,0,38304,0
1449.12747097,85373,85373,0,0,52857,52857,0,38304,0
1451.15154409,85373,85373,0,0,52857,52857,0,38304,0
1453.174793,85373,85373,0,0,52857,52857,0,38304,0
1455.19848108,85373,85373,0,0,52857,52857,0,38304,0
1457.21968198,85373,85373,0,0,52857,52857,0,38304,0
1459.24190593,85373,85373,0,0,52857,52857,0,38304,0
1461.26314306,85373,85373,0,0,52857,52857,0,38304,0
1463.27867794,85373,85373,0,0,52857,52857,0,38304,0
1465.2991631,85373,85373,0,0,52857,52857,0,38304,0
1467.32168603,85373,85373,0,0,52857,52857,0,38304,0
1469.3451581,85373,85373,0,0,52857,52857,0,38304,0
1471.3697331,85373,85373,0,0,52857,52857,0,38304,0
1473.3946321,85373,85373,0,0,52857,52857,0,38304,0
1475.41482496,85373,85373,0,0,52857,52857,0,38304,0
1477.45724797,85373,85373,0,0,52857,52857,0,38304,0
1479.49482012,85373,85373,0,0,52857,52857,0,38304,0
1481.54663897,85373,85373,0,0,52857,52857,0,38304,0
1483.57852912,85373,85373,0,0,52857,52857,0,38304,0
1485.61525702,85373,85373,0,0,52857,52857,0,38304,0
1487.64174414,85373,85373,0,0,52857,52857,0,38304,0
1489.66561604,85373,85373,0,0,52857,52857,0,38304,0
1491.69302011,85373,85373,0,0,52857,52857,0,38304,0
1493.71577597,85373,85373,0,0,52857,52857,0,38304,0
1495.7384181,85373,85373,0,0,52857,52857,0,38304,0
1497.76202106,85373,85373,0,0,52857,52857,0,38304,0
1499.78310704,85373,85373,0,0,52857,52857,0,38304,0
1501.81081915,85373,85373,0,0,52857,52857,0,38304,0
1503.83161592,85373,85373,0,0,52857,52857,0,38304,0
1505.85587311,85373,85373,0,0,52857,52857,0,38304,0
1507.88255811,85373,85373,0,0,52857,52857,0,38304,0
1509.90753794,85373,85373,0,0,52857,52857,0,38304,0
1511.93020105,85373,85373,0,0,52857,52857,0,38304,0
1513.95465493,85373,85373,0,0,52857,52857,0,38304,0
1515.98253703,85373,85373,0,0,52857,52857,0,38304,0
1518.00891805,85373,85373,0,0,52857,52857,0,38304,0
1520.03844309,85373,85373,0,0,52857,52857,0,38304,0
1522.05967498,85373,85373,0,0,52857,52857,0,38304,0
1524.08075595,85373,85373,0,0,52857,52857,0,38304,0
1526.1022191,85373,85373,0,0,52857,52857,0,38304,0
1528.12652111,85373,85373,0,0,52857,52857,0,38304,0
1530.15113497,85373,85373,0,0,52857,52857,0,38304,0
1532.1750071,85373,85373,0,0,52857,52857,0,38304,0
1534.19952011,85373,85373,0,0,52857,52857,0,38304,0
1536.22268915,85373,85373,0,0,52857,52857,0,38304,0
1538.24631405,85373,85373,0,0,52857,52857,0,38304,0
1540.26640511,85373,85373,0,0,52857,52857,0,38304,0
1542.28977895,85373,85373,0,0,52857,52857,0,38304,0
1544.31406307,85373,85373,0,0,52857,52857,0,38304,0
1546.34119606,85373,85373,0,0,52857,52857,0,38304,0
1548.36528611,85373,85373,0,0,52857,52857,0,38304,0
1550.39889908,85373,85373,0,0,52857,52857,0,38304,0
1552.42429399,85373,85373,0,0,52857,52857,0,38304,0
1554.45309615,85373,85373,0,0,52857,52857,0,38304,0
1556.47942209,85373,85373,0,0,52857,52857,0,38304,0
1558.5044241,85373,85373,0,0,52857,52857,0,38304,0
1560.53140402,85373,85373,0,0,52857,52857,0,38304,0
1562.55898094,85373,85373,0,0,52857,52857,0,38304,0
1564.58441496,85373,85373,0,0,52857,52857,0,38304,0
1566.6083591,85373,85373,0,0,52857,52857,0,38304,0
1568.63447595,85373,85373,0,0,52857,52857,0,38304,0
1570.66286206,85373,85373,0,0,52857,52857,0,38304,0
1572.69429898,85373,85373,0,0,52857,52857,0,38304,0
1574.71574402,85373,85373,0,0,52857,52857,0,38304,0
1576.7394321,85373,85373,0,0,52857,52857,0,38304,0
1578.763515,85373,85373,0,0,52857,52857,0,38304,0
1580.79654193,85373,85373,0,0,52857,52857,0,38304,0
1582.82455492,85373,85373,0,0,52857,52857,0,38304,0
1584.87039804,85373,85373,0,0,52857,52857,0,38304,0
1586.90451312,85373,85373,0,0,52857,52857,0,38304,0
1588.93293405,85373,85373,0,0,52857,52857,0,38304,0
1590.95914698,85373,85373,0,0,52857,52857,0,38304,0
1592.98729897,85373,85373,0,0,52857,52857,0,38304,0
1595.01805115,85373,85373,0,0,52857,52857,0,38304,0
1597.073174,85373,85373,0,0,52857,52857,0,38304,0
1599.11620212,85373,85373,0,0,52857,52857,0,38304,0
1601.14449,85373,85373,0,0,52857,52857,0,38304,0
1603.17088509,85373,85373,0,0,52857,52857,0,38304,0
1605.20654392,85373,85373,0,0,52857,52857,0,38304,0
1607.24612498,85373,85373,0,0,52857,52857,0,38304,0
1609.27428412,85373,85373,0,0,52857,52857,0,38304,0
1611.30410194,85373,85373,0,0,52857,52857,0,38304,0
1613.33702803,85373,85373,0,0,52857,52857,0,38304,0
1615.36536694,85373,85373,0,0,52857,52857,0,38304,0
1617.3886621,85373,85373,0,0,52857,52857,0,38304,0
1619.42284298,85373,85373,0,0,52857,52857,0,38304,0
1621.45502615,85373,85373,0,0,52857,52857,0,38304,0
1623.48997903,85373,85373,0,0,52857,52857,0,38304,0
1625.51368403,85373,85373,0,0,52857,52857,0,38304,0
1627.54190493,85373,85373,0,0,52857,52857,0,38304,0
1629.56784511,85373,85373,0,0,52857,52857,0,38304,0
1631.59443212,85373,85373,0,0,52857,52857,0,38304,0
1633.62443113,85373,85373,0,0,52857,52857,0,38304,0
1635.65655398,85373,85373,0,0,52857,52857,0,38304,0
1637.68879199,85373,85373,0,0,52857,52857,0,38304,0
1639.7205441,85373,85373,0,0,52857,52857,0,38304,0
1641.74504805,85373,85373,0,0,52857,52857,0,38304,0
1643.76357913,85373,85373,0,0,52857,52857,0,38304,0
1645.80408692,85373,85373,0,0,52857,52857,0,38304,0
1647.834162,85373,85373,0,0,52857,52857,0,38304,0
1649.85802507,85373,85373,0,0,52857,52857,0,38304,0
1651.89430594,85373,85373,0,0,52857,52857,0,38304,0
1653.91857815,85373,85373,0,0,52857,52857,0,38304,0
1655.94246912,85373,85373,0,0,52857,52857,0,38304,0
1657.97856808,85373,85373,0,0,52857,52857,0,38304,0
1660.01459312,85373,85373,0,0,52857,52857,0,38304,0
1662.04349804,85373,85373,0,0,52857,52857,0,38304,0
1664.06734014,85373,85373,0,0,52857,52857,0,38304,0
1666.11442804,85373,85373,0,0,52857,52857,0,38304,0
1668.15248609,85373,85373,0,0,52857,52857,0,38304,0
1670.18437099,85373,85373,0,0,52857,52857,0,38304,0
1672.21077299,85373,85373,0,0,52857,52857,0,38304,0
1674.25482392,85373,85373,0,0,52857,52857,0,38304,0
1676.28301096,85373,85373,0,0,52857,52857,0,38304,0
1678.30989003,85373,85373,0,0,52857,52857,0,38304,0
1680.34433293,85373,85373,0,0,52857,52857,0,38304,0
1682.38417006,85373,85373,0,0,52857,52857,0,38304,0
1684.416749,85373,85373,0,0,52857,52857,0,38304,0
1686.45411706,85373,85373,0,0,52857,52857,0,38304,0
1688.4841311,85373,85373,0,0,52857,52857,0,38304,0
1690.51785493,85373,85373,0,0,52857,52857,0,38304,0
1692.5424881,85373,85373,0,0,52857,52857,0,38304,0
1694.57811403,85373,85373,0,0,52857,52857,0,38304,0
1696.61396313,85373,85373,0,0,52857,52857,0,38304,0
1698.65379405,85373,85373,0,0,52857,52857,0,38304,0
1700.6954391,85373,85373,0,0,52857,52857,0,38304,0
1702.728338,85373,85373,0,0,52857,52857,0,38304,0
1704.77997398,85373,85373,0,0,52857,52857,0,38304,0
1706.81641507,85373,85373,0,0,52857,52857,0,38304,0
1708.84417701,85373,85373,0,0,52857,52857,0,38304,0
1710.88083506,85373,85373,0,0,52857,52857,0,38304,0
1712.90875101,85373,85373,0,0,52857,52857,0,38304,0
1714.94835615,85373,85373,0,0,52857,52857,0,38304,0
1716.97507095,85373,85373,0,0,52857,52857,0,38304,0
1719.00242615,85373,85373,0,0,52857,52857,0,38304,0
1721.02491999,85373,85373,0,0,52857,52857,0,38304,0
1723.10597205,85373,85373,0,0,52857,52857,0,38304,0
1725.12628102,85373,85373,0,0,52857,52857,0,38304,0
1727.15376401,85373,85373,0,0,52857,52857,0,38304,0
1729.18077898,85373,85373,0,0,52857,52857,0,38304,0
1731.21308804,85373,85373,0,0,52857,52857,0,38304,0
1733.23991203,85373,85373,0,0,52857,52857,0,38304,0
1735.26551914,85373,85373,0,0,52857,52857,0,38304,0
1737.28842497,85373,85373,0,0,52857,52857,0,38304,0
1739.32985306,85373,85373,0,0,52857,52857,0,38304,0
1741.35952497,85373,85373,0,0,52857,52857,0,38304,0
1743.38037109,85373,85373,0,0,52857,52857,0,38304,0
1745.40331292,85373,85373,0,0,52857,52857,0,38304,0
1747.42393494,85373,85373,0,0,52857,52857,0,38304,0
1749.44584203,85373,85373,0,0,52857,52857,0,38304,0
1751.47050595,85373,85373,0,0,52857,52857,0,38304,0
1753.49733996,85373,85373,0,0,52857,52857,0,38304,0
1755.52346015,85373,85373,0,0,52857,52857,0,38304,0
1757.54771614,85373,85373,0,0,52857,52857,0,38304,0
1759.57042313,85373,85373,0,0,52857,52857,0,38304,0
1761.59608912,85373,85373,0,0,52857,52857,0,38304,0
1763.64616108,85373,85373,0,0,52857,52857,0,38304,0
1765.67298603,85373,85373,0,0,52857,52857,0,38304,0
1767.70486712,85373,85373,0,0,52857,52857,0,38304,0
1769.73483396,85373,85373,0,0,52857,52857,0,38304,0
1771.76464295,85373,85373,0,0,52857,52857,0,38304,0
1773.78759408,85373,85373,0,0,52857,52857,0,38304,0
1775.80939794,85373,85373,0,0,52857,52857,0,38304,0
1777.83070993,85373,85373,0,0,52857,52857,0,38304,0
1779.85136414,85373,85373,0,0,52857,52857,0,38304,0
1781.87179399,85373,85373,0,0,52857,52857,0,38304,0
1783.89470506,85373,85373,0,0,52857,52857,0,38304,0
1785.92229915,85373,85373,0,0,52857,52857,0,38304,0
1787.95078897,85373,85373,0,0,52857,52857,0,38304,0
1789.97483611,85373,85373,0,0,52857,52857,0,38304,0
1792.00185895,85373,85373,0,0,52857,52857,0,38304,0
1794.02753305,85373,85373,0,0,52857,52857,0,38304,0
1796.04901814,85373,85373,0,0,52857,52857,0,38304,0
1798.07079792,85373,85373,0,0,52857,52857,0,38304,0
1800.09244704,85373,85373,0,0,52857,52857,0,38304,0
1802.11467314,85373,85373,0,0,52857,52857,0,38304,0
1804.14307594,85373,85373,0,0,52857,52857,0,38304,0
1806.16977596,85373,85373,0,0,52857,52857,0,38304,0
1808.19562006,85373,85373,0,0,52857,52857,0,38304,0
1810.2235961,85373,85373,0,0,52857,52857,0,38304,0
1812.24628496,85373,85373,0,0,52857,52857,0,38304,0
1814.26979899,85373,85373,0,0,52857,52857,0,38304,0
1816.29371309,85373,85373,0,0,52857,52857,0,38304,0
1818.31751013,85373,85373,0,0,52857,52857,0,38304,0
1820.342942,85373,85373,0,0,52857,52857,0,38304,0
1822.36865616,85373,85373,0,0,52857,52857,0,38304,0
1824.39102697,85373,85373,0,0,52857,52857,0,38304,0
1826.414505,85373,85373,0,0,52857,52857,0,38304,0
1828.43455815,85373,85373,0,0,52857,52857,0,38304,0
1830.45524907,85373,85373,0,0,52857,52857,0,38304,0
1832.47533894,85373,85373,0,0,52857,52857,0,38304,0
1834.49776411,85373,85373,0,0,52857,52857,0,38304,0
1836.5206511,85373,85373,0,0,52857,52857,0,38304,0
1838.54778099,85373,85373,0,0,52857,52857,0,38304,0
1840.57361698,85373,85373,0,0,52857,52857,0,38304,0
1842.596102,85373,85373,0,0,52857,52857,0,38304,0
1844.62168598,85373,85373,0,0,52857,52857,0,38304,0
1846.64553714,85373,85373,0,0,52857,52857,0,38304,0
1848.66988707,85373,85373,0,0,52857,52857,0,38304,0
1850.69249201,85373,85373,0,0,52857,52857,0,38304,0
1852.71291113,85373,85373,0,0,52857,52857,0,38304,0
1854.73522615,85373,85373,0,0,52857,52857,0,38304,0
1856.75832605,85373,85373,0,0,52857,52857,0,38304,0
1858.77652407,85373,85373,0,0,52857,52857,0,38304,0
1860.80232215,85373,85373,0,0,52857,52857,0,38304,0
1862.82330203,85373,85373,0,0,52857,52857,0,38304,0
1864.84374809,85373,85373,0,0,52857,52857,0,38304,0
1866.87218714,85373,85373,0,0,52857,52857,0,38304,0
1868.89455295,85373,85373,0,0,52857,52857,0,38304,0
1870.9177351,85373,85373,0,0,52857,52857,0,38304,0
1872.94574094,85373,85373,0,0,52857,52857,0,38304,0
1874.96598101,85373,85373,0,0,52857,52857,0,38304,0
1876.98973393,85373,85373,0,0,52857,52857,0,38304,0
1879.01463008,85373,85373,0,0,52857,52857,0,38304,0
1881.042804,85373,85373,0,0,52857,52857,0,38304,0
1883.06483197,85373,85373,0,0,52857,52857,0,38304,0
1885.0936811,85373,85373,0,0,52857,52857,0,38304,0
1887.12401009,85373,85373,0,0,52857,52857,0,38304,0
1889.18411398,85373,85373,0,0,52857,52857,0,38304,0
1891.21652508,85373,85373,0,0,52857,52857,0,38304,0
1893.25197911,85373,85373,0,0,52857,52857,0,38304,0
1895.30634308,85373,85373,0,0,52857,52857,0,38304,0
1897.376616,85373,85373,0,0,52857,52857,0,38304,0
1899.40491009,85373,85373,0,0,52857,52857,0,38304,0
1901.43670702,85373,85373,0,0,52857,52857,0,38304,0
1903.46026301,85373,85373,0,0,52857,52857,0,38304,0
1905.48289204,85373,85373,0,0,52857,52857,0,38304,0
1907.50664806,85373,85373,0,0,52857,52857,0,38304,0
1909.52691293,85373,85373,0,0,52857,52857,0,38304,0
1911.54670596,85373,85373,0,0,52857,52857,0,38304,0
1913.56647515,85373,85373,0,0,52857,52857,0,38304,0
1915.58541703,85373,85373,0,0,52857,52857,0,38304,0
1917.60696793,85373,85373,0,0,52857,52857,0,38304,0
1919.63199496,85373,85373,0,0,52857,52857,0,38304,0
1921.65848207,85373,85373,0,0,52857,52857,0,38304,0
1923.68301415,85373,85373,0,0,52857,52857,0,38304,0
1925.70939898,85373,85373,0,0,52857,52857,0,38304,0
1927.73781204,85373,85373,0,0,52857,52857,0,38304,0
1929.76250005,85373,85373,0,0,52857,52857,0,38304,0
1931.78614211,85373,85373,0,0,52857,52857,0,38304,0
1933.81051207,85373,85373,0,0,52857,52857,0,38304,0
1935.83460212,85373,85373,0,0,52857,52857,0,38304,0
1937.85553002,85373,85373,0,0,52857,52857,0,38304,0
1939.88336205,85373,85373,0,0,52857,52857,0,38304,0
1941.90774202,85373,85373,0,0,52857,52857,0,38304,0
1943.932302,85373,85373,0,0,52857,52857,0,38304,0
1945.95630407,85373,85373,0,0,52857,52857,0,38304,0
1947.98079705,85373,85373,0,0,52857,52857,0,38304,0
1950.00345302,85373,85373,0,0,52857,52857,0,38304,0
1952.02503109,85373,85373,0,0,52857,52857,0,38304,0
1954.0495851,85373,85373,0,0,52857,52857,0,38304,0
1956.07440114,85373,85373,0,0,52857,52857,0,38304,0
1958.09577703,85373,85373,0,0,52857,52857,0,38304,0
1960.11761308,85373,85373,0,0,52857,52857,0,38304,0
1962.13747096,85373,85373,0,0,52857,52857,0,38304,0
1964.15952516,85373,85373,0,0,52857,52857,0,38304,0
1966.18016315,85373,85373,0,0,52857,52857,0,38304,0
1968.208848,85373,85373,0,0,52857,52857,0,38304,0
1970.2348361,85373,85373,0,0,52857,52857,0,38304,0
1972.25813508,85373,85373,0,0,52857,52857,0,38304,0
1974.28377795,85373,85373,0,0,52857,52857,0,38304,0
1976.31331515,85373,85373,0,0,52857,52857,0,38304,0
1978.33886909,85373,85373,0,0,52857,52857,0,38304,0
1980.36243796,85373,85373,0,0,52857,52857,0,38304,0
1982.38598514,85373,85373,0,0,52857,52857,0,38304,0
1984.41351199,85373,85373,0,0,52857,52857,0,38304,0
1986.43811512,85373,85373,0,0,52857,52857,0,38304,0
1988.46171808,85373,85373,0,0,52857,52857,0,38304,0
1990.48655415,85373,85373,0,0,52857,52857,0,38304,0
1992.51295114,85373,85373,0,0,52857,52857,0,38304,0
1994.53852797,85373,85373,0,0,52857,52857,0,38304,0
1996.560179,85373,85373,0,0,52857,52857,0,38304,0
1998.591295,85373,85373,0,0,52857,52857,0,38304,0
2000.6200211,85373,85373,0,0,52857,52857,0,38304,0
2002.65383101,85373,85373,0,0,52857,52857,0,38304,0
2004.68345904,85373,85373,0,0,52857,52857,0,38304,0
2006.72356105,85373,85373,0,0,52857,52857,0,38304,0
2008.76292014,85373,85373,0,0,52857,52857,0,38304,0
2010.79924703,85373,85373,0,0,52857,52857,0,38304,0
2012.82207513,85373,85373,0,0,52857,52857,0,38304,0
2014.84608197,85373,85373,0,0,52857,52857,0,38304,0
2016.87629104,85373,85373,0,0,52857,52857,0,38304,0
2018.90340304,85373,85373,0,0,52857,52857,0,38304,0
2020.92802095,85373,85373,0,0,52857,52857,0,38304,0
2022.94963694,85373,85373,0,0,52857,52857,0,38304,0
2024.97571611,85373,85373,0,0,52857,52857,0,38304,0
2026.99552202,85373,85373,0,0,52857,52857,0,38304,0
2029.01967406,85373,85373,0,0,52857,52857,0,38304,0
2031.05308509,85373,85373,0,0,52857,52857,0,38304,0
2033.09207702,85373,85373,0,0,52857,52857,0,38304,0
2035.12242103,85373,85373,0,0,52857,52857,0,38304,0
2037.21443415,85373,85373,0,0,52857,52857,0,38304,0
2039.26333809,85373,85373,0,0,52857,52857,0,38304,0
2041.29252195,85373,85373,0,0,52857,52857,0,38304,0
2043.3339901,85373,85373,0,0,52857,52857,0,38304,0
2045.36813712,85373,85373,0,0,52857,52857,0,38304,0
2047.39831996,85373,85373,0,0,52857,52857,0,38304,0
2049.43127513,85373,85373,0,0,52857,52857,0,38304,0
2051.46267104,85373,85373,0,0,52857,52857,0,38304,0
2053.49338603,85373,85373,0,0,52857,52857,0,38304,0
2055.52339602,85373,85373,0,0,52857,52857,0,38304,0
2057.55977607,85373,85373,0,0,52857,52857,0,38304,0
2059.59751701,85373,85373,0,0,52857,52857,0,38304,0
2061.62284994,85373,85373,0,0,52857,52857,0,38304,0
2063.6621201,85373,85373,0,0,52857,52857,0,38304,0
2065.68540215,85373,85373,0,0,52857,52857,0,38304,0
2067.70956993,85373,85373,0,0,52857,52857,0,38304,0
2069.73321009,85373,85373,0,0,52857,52857,0,38304,0
2071.75559306,85373,85373,0,0,52857,52857,0,38304,0
2073.78562498,85373,85373,0,0,52857,52857,0,38304,0
2075.80753398,85373,85373,0,0,52857,52857,0,38304,0
2077.83315516,85373,85373,0,0,52857,52857,0,38304,0
2079.85500097,85373,85373,0,0,52857,52857,0,38304,0
2081.87776804,85373,85373,0,0,52857,52857,0,38304,0
2083.89841199,85373,85373,0,0,52857,52857,0,38304,0
2085.91626716,85373,85373,0,0,52857,52857,0,38304,0
2087.93807197,85373,85373,0,0,52857,52857,0,38304,0
2089.95711803,85373,85373,0,0,52857,52857,0,38304,0
2091.98017693,85373,85373,0,0,52857,52857,0,38304,0
2094.03265595,85373,85373,0,0,52857,52857,0,38304,0
2096.06644607,85373,85373,0,0,52857,52857,0,38304,0
2098.09433794,85373,85373,0,0,52857,52857,0,38304,0
2100.13353896,85373,85373,0,0,52857,52857,0,38304,0
2102.17111707,85373,85373,0,0,52857,52857,0,38304,0
2104.19965315,85373,85373,0,0,52857,52857,0,38304,0
2106.22448301,85373,85373,0,0,52857,52857,0,38304,0
2108.25908208,85373,85373,0,0,52857,52857,0,38304,0
2110.28320408,85373,85373,0,0,52857,52857,0,38304,0
2112.30783916,85373,85373,0,0,52857,52857,0,38304,0
2114.335778,85373,85373,0,0,52857,52857,0,38304,0
2116.36331606,85373,85373,0,0,52857,52857,0,38304,0
2118.40795207,85373,85373,0,0,52857,52857,0,38304,0
2120.44339705,85373,85373,0,0,52857,52857,0,38304,0
2122.48618603,85373,85373,0,0,52857,52857,0,38304,0
2124.51437402,85373,85373,0,0,52857,52857,0,38304,0
2126.55342102,85373,85373,0,0,52857,52857,0,38304,0
2128.59315896,85373,85373,0,0,52857,52857,0,38304,0
2130.61866498,85373,85373,0,0,52857,52857,0,38304,0
2132.65326405,85373,85373,0,0,52857,52857,0,38304,0
2134.67954803,85373,85373,0,0,52857,52857,0,38304,0
2136.70321298,85373,85373,0,0,52857,52857,0,38304,0
2138.7331531,85373,85373,0,0,52857,52857,0,38304,0
2140.75900698,85373,85373,0,0,52857,52857,0,38304,0
2142.78506398,85373,85373,0,0,52857,52857,0,38304,0
2144.81260204,85373,85373,0,0,52857,52857,0,38304,0
2146.84579515,85373,85373,0,0,52857,52857,0,38304,0
2148.87872314,85373,85373,0,0,52857,52857,0,38304,0
2150.89917207,85373,85373,0,0,52857,52857,0,38304,0
2152.92896008,85373,85373,0,0,52857,52857,0,38304,0
2154.95326614,85373,85373,0,0,52857,52857,0,38304,0
2156.98378205,85373,85373,0,0,52857,52857,0,38304,0
2159.00843406,85373,85373,0,0,52857,52857,0,38304,0
2161.03338408,85373,85373,0,0,52857,52857,0,38304,0
2163.08336306,85373,85373,0,0,52857,52857,0,38304,0
2165.11332011,85373,85373,0,0,52857,52857,0,38304,0
2167.14449096,85373,85373,0,0,52857,52857,0,38304,0
2169.1749711,85373,85373,0,0,52857,52857,0,38304,0
2171.20803595,85373,85373,0,0,52857,52857,0,38304,0
2173.24968004,85373,85373,0,0,52857,52857,0,38304,0
2175.28365207,85373,85373,0,0,52857,52857,0,38304,0
2177.30809712,85373,85373,0,0,52857,52857,0,38304,0
2179.33762097,85373,85373,0,0,52857,52857,0,38304,0
2181.36525512,85373,85373,0,0,52857,52857,0,38304,0
2183.40335512,85373,85373,0,0,52857,52857,0,38304,0
2185.43689704,85373,85373,0,0,52857,52857,0,38304,0
2187.46514106,85373,85373,0,0,52857,52857,0,38304,0
2189.49583411,85373,85373,0,0,52857,52857,0,38304,0
2191.52413011,85373,85373,0,0,52857,52857,0,38304,0
2193.56466103,85373,85373,0,0,52857,52857,0,38304,0
2195.59458995,85373,85373,0,0,52857,52857,0,38304,0
2197.62636995,85373,85373,0,0,52857,52857,0,38304,0
2199.65170598,85373,85373,0,0,52857,52857,0,38304,0
2201.67435694,85373,85373,0,0,52857,52857,0,38304,0
2203.70283103,85373,85373,0,0,52857,52857,0,38304,0
2205.73303509,85373,85373,0,0,52857,52857,0,38304,0
2207.76308203,85373,85373,0,0,52857,52857,0,38304,0
2209.79477215,85373,85373,0,0,52857,52857,0,38304,0
2211.82864404,85373,85373,0,0,52857,52857,0,38304,0
2213.85307813,85373,85373,0,0,52857,52857,0,38304,0
2215.87905693,85373,85373,0,0,52857,52857,0,38304,0
2217.92284393,85373,85373,0,0,52857,52857,0,38304,0
2219.943187,85373,85373,0,0,52857,52857,0,38304,0
2221.97315192,85373,85373,0,0,52857,52857,0,38304,0
2224.01309395,85373,85373,0,0,52857,52857,0,38304,0
2226.05016804,85373,85373,0,0,52857,52857,0,38304,0
2228.08322406,85373,85373,0,0,52857,52857,0,38304,0
2230.12329507,85373,85373,0,0,52857,52857,0,38304,0
2232.15760398,85373,85373,0,0,52857,52857,0,38304,0
2234.18525314,85373,85373,0,0,52857,52857,0,38304,0
2236.20661211,85373,85373,0,0,52857,52857,0,38304,0
2238.230129,85373,85373,0,0,52857,52857,0,38304,0
2240.25291395,85373,85373,0,0,52857,52857,0,38304,0
2242.28224611,85373,85373,0,0,52857,52857,0,38304,0
2244.30946398,85373,85373,0,0,52857,52857,0,38304,0
2246.33611798,85373,85373,0,0,52857,52857,0,38304,0
2248.35911012,85373,85373,0,0,52857,52857,0,38304,0
2250.38159513,85373,85373,0,0,52857,52857,0,38304,0
2252.40230608,85373,85373,0,0,52857,52857,0,38304,0
2254.42706704,85373,85373,0,0,52857,52857,0,38304,0
2256.44686294,85373,85373,0,0,52857,52857,0,38304,0
2258.46904397,85373,85373,0,0,52857,52857,0,38304,0
2260.49052906,85373,85373,0,0,52857,52857,0,38304,0
2262.526474,85373,85373,0,0,52857,52857,0,38304,0
2264.55196905,85373,85373,0,0,52857,52857,0,38304,0
2266.58324194,85373,85373,0,0,52857,52857,0,38304,0
2268.63132215,85373,85373,0,0,52857,52857,0,38304,0
2270.66322398,85373,85373,0,0,52857,52857,0,38304,0
2272.69310999,85373,85373,0,0,52857,52857,0,38304,0
2274.73317695,85373,85373,0,0,52857,52857,0,38304,0
2276.76367402,85373,85373,0,0,52857,52857,0,38304,0
2278.79319596,85373,85373,0,0,52857,52857,0,38304,0
2280.82314396,85373,85373,0,0,52857,52857,0,38304,0
2282.84710312,85373,85373,0,0,52857,52857,0,38304,0
2284.87020612,85373,85373,0,0,52857,52857,0,38304,0
2286.89243197,85373,85373,0,0,52857,52857,0,38304,0
2288.92831397,85373,85373,0,0,52857,52857,0,38304,0
2290.96739697,85373,85373,0,0,52857,52857,0,38304,0
2292.99538398,85373,85373,0,0,52857,52857,0,38304,0
2295.02672505,85373,85373,0,0,52857,52857,0,38304,0
2297.05935192,85373,85373,0,0,52857,52857,0,38304,0
2299.07822609,85373,85373,0,0,52857,52857,0,38304,0
2301.106987,85373,85373,0,0,52857,52857,0,38304,0
2303.12780905,85373,85373,0,0,52857,52857,0,38304,0
2305.15057397,85373,85373,0,0,52857,52857,0,38304,0
2307.17538309,85373,85373,0,0,52857,52857,0,38304,0
2309.20002508,85373,85373,0,0,52857,52857,0,38304,0
2311.22446203,85373,85373,0,0,52857,52857,0,38304,0
2313.249686,85373,85373,0,0,52857,52857,0,38304,0
2315.27350211,85373,85373,0,0,52857,52857,0,38304,0
2317.29997301,85373,85373,0,0,52857,52857,0,38304,0
2319.32344508,85373,85373,0,0,52857,52857,0,38304,0
2321.34722805,85373,85373,0,0,52857,52857,0,38304,0
2323.37263298,85373,85373,0,0,52857,52857,0,38304,0
2325.39524603,85373,85373,0,0,52857,52857,0,38304,0
2327.43293905,85373,85373,0,0,52857,52857,0,38304,0
2329.45489502,85373,85373,0,0,52857,52857,0,38304,0
2331.48038006,85373,85373,0,0,52857,52857,0,38304,0
2333.50648999,85373,85373,0,0,52857,52857,0,38304,0
2335.53858209,85373,85373,0,0,52857,52857,0,38304,0
2337.56128097,85373,85373,0,0,52857,52857,0,38304,0
2339.59302998,85373,85373,0,0,52857,52857,0,38304,0
2341.62980103,85373,85373,0,0,52857,52857,0,38304,0
2343.66484213,85373,85373,0,0,52857,52857,0,38304,0
2345.69292212,85373,85373,0,0,52857,52857,0,38304,0
2347.71849108,85373,85373,0,0,52857,52857,0,38304,0
2349.75294995,85373,85373,0,0,52857,52857,0,38304,0
2351.77842808,85373,85373,0,0,52857,52857,0,38304,0
2353.80292606,85373,85373,0,0,52857,52857,0,38304,0
2355.83297014,85373,85373,0,0,52857,52857,0,38304,0
2357.86298609,85373,85373,0,0,52857,52857,0,38304,0
2359.89291,85373,85373,0,0,52857,52857,0,38304,0
2361.9230001,85373,85373,0,0,52857,52857,0,38304,0
2363.94696403,85373,85373,0,0,52857,52857,0,38304,0
2365.96948504,85373,85373,0,0,52857,52857,0,38304,0
2368.00336909,85373,85373,0,0,52857,52857,0,38304,0
2370.03296709,85373,85373,0,0,52857,52857,0,38304,0
2372.06299114,85373,85373,0,0,52857,52857,0,38304,0
2374.0929811,85373,85373,0,0,52857,52857,0,38304,0
2376.11613512,85373,85373,0,0,52857,52857,0,38304,0
2378.14274502,85373,85373,0,0,52857,52857,0,38304,0
2380.1662271,85373,85373,0,0,52857,52857,0,38304,0
2382.18978906,85373,85373,0,0,52857,52857,0,38304,0
2384.22308111,85373,85373,0,0,52857,52857,0,38304,0
2386.25687599,85373,85373,0,0,52857,52857,0,38304,0
2388.28181314,85373,85373,0,0,52857,52857,0,38304,0
2390.30602503,85373,85373,0,0,52857,52857,0,38304,0
2392.33177996,85373,85373,0,0,52857,52857,0,38304,0
2394.36316204,85373,85373,0,0,52857,52857,0,38304,0
2396.38856602,85373,85373,0,0,52857,52857,0,38304,0
2398.41234112,85373,85373,0,0,52857,52857,0,38304,0
2400.440907,85373,85373,0,0,52857,52857,0,38304,0
2402.47509098,85373,85373,0,0,52857,52857,0,38304,0
2404.49934506,85373,85373,0,0,52857,52857,0,38304,0
2406.53011703,85373,85373,0,0,52857,52857,0,38304,0
2408.55744314,85373,85373,0,0,52857,52857,0,38304,0
2410.59156799,85373,85373,0,0,52857,52857,0,38304,0
2412.61847806,85373,85373,0,0,52857,52857,0,38304,0
2414.65300107,85373,85373,0,0,52857,52857,0,38304,0
2416.69294214,85373,85373,0,0,52857,52857,0,38304,0
2418.72069097,85373,85373,0,0,52857,52857,0,38304,0
2420.75286603,85373,85373,0,0,52857,52857,0,38304,0
2422.79296494,85373,85373,0,0,52857,52857,0,38304,0
2424.82291698,85373,85373,0,0,52857,52857,0,38304,0
2426.86288309,85373,85373,0,0,52857,52857,0,38304,0
2428.8928051,85373,85373,0,0,52857,52857,0,38304,0
2430.92286611,85373,85373,0,0,52857,52857,0,38304,0
2432.96897602,85373,85373,0,0,52857,52857,0,38304,0
2435.00050116,85373,85373,0,0,52857,52857,0,38304,0
2437.03284812,85373,85373,0,0,52857,52857,0,38304,0
2439.05841613,85373,85373,0,0,52857,52857,0,38304,0
2441.08009696,85373,85373,0,0,52857,52857,0,38304,0
2443.10067892,85373,85373,0,0,52857,52857,0,38304,0
2445.12788105,85373,85373,0,0,52857,52857,0,38304,0
2447.14947701,85373,85373,0,0,52857,52857,0,38304,0
2449.16906095,85373,85373,0,0,52857,52857,0,38304,0
2451.19229102,85373,85373,0,0,52857,52857,0,38304,0
2453.21463013,85373,85373,0,0,52857,52857,0,38304,0
2455.23726892,85373,85373,0,0,52857,52857,0,38304,0
2457.25932503,85373,85373,0,0,52857,52857,0,38304,0
2459.28684807,85373,85373,0,0,52857,52857,0,38304,0
2461.31525612,85373,85373,0,0,52857,52857,0,38304,0
2463.33688712,85373,85373,0,0,52857,52857,0,38304,0
2465.35838604,85373,85373,0,0,52857,52857,0,38304,0
2467.37757611,85373,85373,0,0,52857,52857,0,38304,0
2469.39698815,85373,85373,0,0,52857,52857,0,38304,0
2471.41973901,85373,85373,0,0,52857,52857,0,38304,0
2473.44275498,85373,85373,0,0,52857,52857,0,38304,0
2475.46341109,85373,85373,0,0,52857,52857,0,38304,0
2477.49094701,85373,85373,0,0,52857,52857,0,38304,0
2479.51427197,85373,85373,0,0,52857,52857,0,38304,0
2481.54286814,85373,85373,0,0,52857,52857,0,38304,0
2483.59288597,85373,85373,0,0,52857,52857,0,38304,0
2485.61415815,85373,85373,0,0,52857,52857,0,38304,0
2487.64416003,85373,85373,0,0,52857,52857,0,38304,0
2489.6668191,85373,85373,0,0,52857,52857,0,38304,0
2491.68759799,85373,85373,0,0,52857,52857,0,38304,0
2493.70963502,85373,85373,0,0,52857,52857,0,38304,0
2495.72810411,85373,85373,0,0,52857,52857,0,38304,0
2497.75238013,85373,85373,0,0,52857,52857,0,38304,0
2499.77649713,85373,85373,0,0,52857,52857,0,38304,0
2501.79737711,85373,85373,0,0,52857,52857,0,38304,0
2503.82239699,85373,85373,0,0,52857,52857,0,38304,0
2505.85113811,85373,85373,0,0,52857,52857,0,38304,0
2507.87017298,85373,85373,0,0,52857,52857,0,38304,0
2509.8945291,85373,85373,0,0,52857,52857,0,38304,0
2511.91839504,85373,85373,0,0,52857,52857,0,38304,0
2513.9418211,85373,85373,0,0,52857,52857,0,38304,0
2515.96214604,85373,85373,0,0,52857,52857,0,38304,0
2517.98810697,85373,85373,0,0,52857,52857,0,38304,0
2520.01417208,85373,85373,0,0,52857,52857,0,38304,0
2522.03421712,85373,85373,0,0,52857,52857,0,38304,0
2524.05549693,85373,85373,0,0,52857,52857,0,38304,0
2526.08031511,85373,85373,0,0,52857,52857,0,38304,0
2528.10337806,85373,85373,0,0,52857,52857,0,38304,0
2530.12496305,85373,85373,0,0,52857,52857,0,38304,0
2532.14588714,85373,85373,0,0,52857,52857,0,38304,0
2534.1660111,85373,85373,0,0,52857,52857,0,38304,0
2536.19275212,85373,85373,0,0,52857,52857,0,38304,0
2538.22210002,85373,85373,0,0,52857,52857,0,38304,0
2540.24646592,85373,85373,0,0,52857,52857,0,38304,0
2542.27269197,85373,85373,0,0,52857,52857,0,38304,0
2544.31088114,85373,85373,0,0,52857,52857,0,38304,0
2546.34246802,85373,85373,0,0,52857,52857,0,38304,0
2548.39456296,85373,85373,0,0,52857,52857,0,38304,0
2550.444206,85373,85373,0,0,52857,52857,0,38304,0
2552.47017002,85373,85373,0,0,52857,52857,0,38304,0
2554.497998,85373,85373,0,0,52857,52857,0,38304,0
2556.53298211,85373,85373,0,0,52857,52857,0,38304,0
2558.5729351,85373,85373,0,0,52857,52857,0,38304,0
2560.60641098,85373,85373,0,0,52857,52857,0,38304,0
2562.63482594,85373,85373,0,0,52857,52857,0,38304,0
2564.661937,85373,85373,0,0,52857,52857,0,38304,0
2566.69282794,85373,85373,0,0,52857,52857,0,38304,0
2568.71668005,85373,85373,0,0,52857,52857,0,38304,0
2570.74290109,85373,85373,0,0,52857,52857,0,38304,0
2572.782758,85373,85373,0,0,52857,52857,0,38304,0
2574.81307793,85373,85373,0,0,52857,52857,0,38304,0
2576.84857011,85373,85373,0,0,52857,52857,0,38304,0
2578.87669992,85373,85373,0,0,52857,52857,0,38304,0
2580.90431499,85373,85373,0,0,52857,52857,0,38304,0
2582.92653704,85373,85373,0,0,52857,52857,0,38304,0
2584.94990706,85373,85373,0,0,52857,52857,0,38304,0
2586.97058892